test/count.scm: 5.964010411
test/fib.scm: 6.436786333
test/fact.scm: 0.20224546
test/gcipd.scm: 9.128150123
test/kcfa2.scm: 0.043250486
test/kcfa3.scm: 0.048987624
test/loop2.scm: 26.847362928
test/mj09.scm: 0.030023883
test/mut-rec.scm: 25.238546681
test/rotate.scm: 6.559960245
test/ack.scm: 14.197821343
test/collatz.scm: 0.093647505
test/widen.scm: 23.375393451
test/rsa.scm: 0.09368429
test/sat.scm: 0.055301108
test/dderiv.scm: 0.168200776
