test/count.scm: 0.970856389602
test/fib.scm: 0.161781791008
test/fact.scm: 0.708878127421
test/gcipd.scm: 1.17963332979
test/kcfa2.scm: 1.41477524896
test/kcfa3.scm: 1.42766261501
test/loop2.scm: 1.21970914216
test/mj09.scm: 0.983236724227
test/mut-rec.scm: 1.25355822601
test/rotate.scm: 1.02890741916
test/ack.scm: 0.444304787471
test/collatz.scm: 1.21679461912
test/widen.scm: 1.27733651395
test/rsa.scm: 1.16236192051
test/sat.scm: 1.62620015787
test/dderiv.scm: 1.18025465927
